order_datetime,order_type,item_code,item_name,order_value,order_count,DJI,avg_price,res_cash,hold,portfolio_value,buy,sell
2013-04-30,buy,133690,TIGER 미국나스닥100,99987700,7235,13820,13820,12300,7235,100000000,True,False
2013-05-31,sell,133690,TIGER 미국나스닥100,107389105,7235,14843,13820,107401405,0,107401405,False,True
2013-07-01,buy,133690,TIGER 미국나스닥100,107388216,7402,14508,14508,13189,7402,107401405,True,False
2013-07-31,sell,133690,TIGER 미국나스닥100,112688048,7402,15224,14508,112701237,0,112701237,False,True
2013-08-01,buy,133690,TIGER 미국나스닥100,112700665,7355,15323,15323,572,7355,112701237,True,False
2013-08-30,sell,133690,TIGER 미국나스닥100,111501800,7355,15160,15323,111502372,0,111502372,False,True
2013-10-01,buy,133690,TIGER 미국나스닥100,111489485,7295,15283,15283,12887,7295,111502372,True,False
2013-10-31,sell,133690,TIGER 미국나스닥100,113765525,7295,15595,15283,113778412,0,113778412,False,True
2013-11-01,buy,133690,TIGER 미국나스닥100,113774400,7200,15802,15802,4012,7200,113778412,True,False
2013-11-29,sell,133690,TIGER 미국나스닥100,117374400,7200,16302,15802,117378412,0,117378412,False,True
2014-02-03,buy,133690,TIGER 미국나스닥100,117370448,6988,16796,16796,7964,6988,117378412,True,False
2014-02-28,sell,133690,TIGER 미국나스닥100,120892400,6988,17300,16796,120900364,0,120900364,False,True
2014-04-01,buy,133690,TIGER 미국나스닥100,120899184,7217,16752,16752,1180,7217,120900364,True,False
2014-04-30,sell,133690,TIGER 미국나스닥100,116547333,7217,16149,16752,116548513,0,116548513,False,True
2014-04-30,buy,133690,TIGER 미국나스닥100,116547333,7217,16149,16149,1180,7217,116548513,True,False
2014-05-30,sell,133690,TIGER 미국나스닥100,120646589,7217,16717,16149,120647769,0,120647769,False,True
2014-06-02,buy,133690,TIGER 미국나스닥100,120637984,7174,16816,16816,9785,7174,120647769,True,False
2014-06-30,sell,133690,TIGER 미국나스닥100,122833228,7174,17122,16816,122843013,0,122843013,False,True
2014-09-02,buy,133690,TIGER 미국나스닥100,122839665,6735,18239,18239,3348,6735,122843013,True,False
2014-09-30,sell,133690,TIGER 미국나스닥100,126974955,6735,18853,18239,126978303,0,126978303,False,True
2014-12-01,buy,133690,TIGER 미국나스닥100,126971775,5985,21215,21215,6528,5985,126978303,True,False
2014-12-30,sell,133690,TIGER 미국나스닥100,125373780,5985,20948,21215,125380308,0,125380308,False,True
2015-01-02,buy,133690,TIGER 미국나스닥100,125377125,6035,20775,20775,3183,6035,125380308,True,False
2015-01-30,sell,133690,TIGER 미국나스닥100,121919070,6035,20202,20775,121922253,0,121922253,False,True
2015-02-02,buy,133690,TIGER 미국나스닥100,121912752,6032,20211,20211,9501,6032,121922253,True,False
2015-02-27,sell,133690,TIGER 미국나스닥100,130502320,6032,21635,20211,130511821,0,130511821,False,True
2015-03-02,buy,133690,TIGER 미국나스닥100,130502790,6039,21610,21610,9031,6039,130511821,True,False
2015-03-31,sell,133690,TIGER 미국나스닥100,129464082,6039,21438,21610,129473113,0,129473113,False,True
2015-04-01,buy,133690,TIGER 미국나스닥100,129467488,6176,20963,20963,5625,6176,129473113,True,False
2015-04-30,sell,133690,TIGER 미국나스닥100,130782976,6176,21176,20963,130788601,0,130788601,False,True
2015-04-30,buy,133690,TIGER 미국나스닥100,130782976,6176,21176,21176,5625,6176,130788601,True,False
2015-05-29,sell,133690,TIGER 미국나스닥100,137280128,6176,22228,21176,137285753,0,137285753,False,True
2015-09-01,buy,133690,TIGER 미국나스닥100,137271944,6316,21734,21734,13809,6316,137285753,True,False
2015-09-30,sell,133690,TIGER 미국나스닥100,136735084,6316,21649,21734,136748893,0,136748893,False,True
2015-10-01,buy,133690,TIGER 미국나스닥100,136741000,6200,22055,22055,7893,6200,136748893,True,False
2015-10-30,sell,133690,TIGER 미국나스닥100,146245600,6200,23588,22055,146253493,0,146253493,False,True
2016-01-04,buy,133690,TIGER 미국나스닥100,146246189,6103,23963,23963,7304,6103,146253493,True,False
2016-01-29,sell,133690,TIGER 미국나스닥100,136865878,6103,22426,23963,136873182,0,136873182,False,True
2016-02-01,buy,133690,TIGER 미국나스닥100,136861994,6022,22727,22727,11188,6022,136873182,True,False
2016-02-29,sell,133690,TIGER 미국나스닥100,139276816,6022,23128,22727,139288004,0,139288004,False,True
2016-02-29,buy,133690,TIGER 미국나스닥100,139276816,6022,23128,23128,11188,6022,139288004,True,False
2016-03-31,sell,133690,TIGER 미국나스닥100,137253424,6022,22792,23128,137264612,0,137264612,False,True
2016-05-02,buy,133690,TIGER 미국나스닥100,137250284,6254,21946,21946,14328,6254,137264612,True,False
2016-05-31,sell,133690,TIGER 미국나스닥100,150296128,6254,24032,21946,150310456,0,150310456,False,True
2017-01-03,buy,133690,TIGER 미국나스닥100,150301723,5687,26429,26429,8733,5687,150310456,True,False
2017-01-31,sell,133690,TIGER 미국나스닥100,151006911,5687,26553,26429,151015644,0,151015644,False,True
2017-02-01,buy,133690,TIGER 미국나스닥100,151003127,5689,26543,26543,12517,5689,151015644,True,False
2017-02-28,sell,133690,TIGER 미국나스닥100,153733847,5689,27023,26543,153746364,0,153746364,False,True
2017-02-28,buy,133690,TIGER 미국나스닥100,153733847,5689,27023,27023,12517,5689,153746364,True,False
2017-03-31,sell,133690,TIGER 미국나스닥100,154405149,5689,27141,27023,154417666,0,154417666,False,True
2017-08-01,buy,133690,TIGER 미국나스닥100,154390184,5218,29588,29588,27482,5218,154417666,True,False
2017-08-31,sell,133690,TIGER 미국나스닥100,156430422,5218,29979,29588,156457904,0,156457904,False,True
2018-01-02,buy,133690,TIGER 미국나스닥100,156441246,5122,30543,30543,16658,5122,156457904,True,False
2018-01-31,sell,133690,TIGER 미국나스닥100,170106742,5122,33211,30543,170123400,0,170123400,False,True
2018-06-01,buy,133690,TIGER 미국나스닥100,170117400,5045,33720,33720,6000,5045,170123400,True,False
2018-06-29,sell,133690,TIGER 미국나스닥100,178048140,5045,35292,33720,178054140,0,178054140,False,True
2018-07-02,buy,133690,TIGER 미국나스닥100,178045176,5064,35159,35159,8964,5064,178054140,True,False
2018-07-31,sell,133690,TIGER 미국나스닥100,182476176,5064,36034,35159,182485140,0,182485140,False,True
2018-11-01,buy,133690,TIGER 미국나스닥100,182483840,5152,35420,35420,1300,5152,182485140,True,False
2018-11-30,sell,133690,TIGER 미국나스닥100,177573984,5152,34467,35420,177575284,0,177575284,False,True
2018-12-03,buy,133690,TIGER 미국나스닥100,177540408,5013,35416,35416,34876,5013,177575284,True,False
2018-12-28,sell,133690,TIGER 미국나스닥100,157237758,5013,31366,35416,157272634,0,157272634,False,True
2019-01-02,buy,133690,TIGER 미국나스닥100,157266054,4994,31491,31491,6580,4994,157272634,True,False
2019-01-31,sell,133690,TIGER 미국나스닥100,170020730,4994,34045,31491,170027310,0,170027310,False,True
2019-02-01,buy,133690,TIGER 미국나스닥100,170016000,4928,34500,34500,11310,4928,170027310,True,False
2019-02-28,sell,133690,TIGER 미국나스닥100,175678272,4928,35649,34500,175689582,0,175689582,False,True
2019-04-30,buy,133690,TIGER 미국나스닥100,175684220,4310,40762,40762,5362,4310,175689582,True,False
2019-05-31,sell,133690,TIGER 미국나스닥100,165215230,4310,38333,40762,165220592,0,165220592,False,True
2019-06-03,buy,133690,TIGER 미국나스닥100,165202074,4398,37563,37563,18518,4398,165220592,True,False
2019-06-28,sell,133690,TIGER 미국나스닥100,174525834,4398,39683,37563,174544352,0,174544352,False,True
2019-09-03,buy,133690,TIGER 미국나스닥100,174537468,4204,41517,41517,6884,4204,174544352,True,False
2019-09-30,sell,133690,TIGER 미국나스닥100,173780748,4204,41337,41517,173787632,0,173787632,False,True
2019-11-01,buy,133690,TIGER 미국나스닥100,173786589,4089,42501,42501,1043,4089,173787632,True,False
2019-11-29,sell,133690,TIGER 미국나스닥100,182451180,4089,44620,42501,182452223,0,182452223,False,True
2019-12-02,buy,133690,TIGER 미국나스닥100,182421510,4071,44810,44810,30713,4071,182452223,True,False
2019-12-30,sell,133690,TIGER 미국나스닥100,185759730,4071,45630,44810,185790443,0,185790443,False,True
2020-02-03,buy,133690,TIGER 미국나스닥100,185779940,3814,48710,48710,10503,3814,185790443,True,False
2020-02-28,sell,133690,TIGER 미국나스닥100,171630000,3814,45000,48710,171640503,0,171640503,False,True
2020-03-02,buy,133690,TIGER 미국나스닥100,171627525,3765,45585,45585,12978,3765,171640503,True,False
2020-03-31,sell,133690,TIGER 미국나스닥100,161349075,3765,42855,45585,161362053,0,161362053,False,True
2020-04-01,buy,133690,TIGER 미국나스닥100,161344790,3859,41810,41810,17263,3859,161362053,True,False
2020-04-29,sell,133690,TIGER 미국나스닥100,185868735,3859,48165,41810,185885998,0,185885998,False,True
2020-07-01,buy,133690,TIGER 미국나스닥100,185861925,3405,54585,54585,24073,3405,185885998,True,False
2020-07-31,sell,133690,TIGER 미국나스닥100,197592150,3405,58030,54585,197616223,0,197616223,False,True
